image_width: 1280
image_height: 960
camera_name: narrow_stereo/left
camera_matrix:
  rows: 3
  cols: 3
  data: [1538.36695,    0.     ,  506.44895,
            0.     , 1534.27133,  461.19279,
            0.     ,    0.     ,    1.     ]
distortion_model: plumb_bob
distortion_coefficients:
  rows: 1
  cols: 5
  data: [0.147859, 0.065925, 0.015362, -0.023796, 0.000000]
rectification_matrix:
  rows: 3
  cols: 3
  data: [ 0.98225528,  0.04213466, -0.18275459,
         -0.05409292,  0.99667412, -0.06094801,
          0.17957875,  0.06975223,  0.9812676 ]
projection_matrix:
  rows: 3
  cols: 4
  data: [2126.42986,    0.     ,  778.09476,    0.     ,
            0.     , 2126.42986,  534.24875,    0.     ,
            0.     ,    0.     ,    1.     ,    0.     ]
