image_width: 1280
image_height: 960
camera_name: left
camera_matrix:
  rows: 3
  cols: 3
  data: [1429.90476,    0.     ,  617.76266,
            0.     , 1440.94384,  508.38658,
            0.     ,    0.     ,    1.     ]
distortion_model: plumb_bob
distortion_coefficients:
  rows: 1
  cols: 5
  data: [0.070651, 0.097423, 0.005276, -0.011417, 0.000000]
rectification_matrix:
  rows: 3
  cols: 3
  data: [ 0.99912542,  0.0312438 , -0.02778887,
         -0.02980787,  0.99827068,  0.05066689,
          0.02932384, -0.04979425,  0.99832893]
projection_matrix:
  rows: 3
  cols: 4
  data: [1711.47311,    0.     ,  630.55074,    0.     ,
            0.     , 1711.47311,  475.85416,    0.     ,
            0.     ,    0.     ,    1.     ,    0.     ]
