image_width: 1280
image_height: 960
camera_name: right
camera_matrix:
  rows: 3
  cols: 3
  data: [1428.07699,    0.     ,  626.6727 ,
            0.     , 1439.40774,  449.44961,
            0.     ,    0.     ,    1.     ]
distortion_model: plumb_bob
distortion_coefficients:
  rows: 1
  cols: 5
  data: [0.114934, 0.115200, -0.015448, 0.007402, 0.000000]
rectification_matrix:
  rows: 3
  cols: 3
  data: [ 0.99971054, -0.01551312,  0.01838957,
          0.01641751,  0.99860955, -0.05009422,
         -0.01758688,  0.05038163,  0.99857518]
projection_matrix:
  rows: 3
  cols: 4
  data: [1711.47311,    0.     ,  630.55074, -967.44457,
            0.     , 1711.47311,  475.85416,    0.     ,
            0.     ,    0.     ,    1.     ,    0.     ]
