image_width: 1280
image_height: 960
camera_name: narrow_stereo/right
camera_matrix:
  rows: 3
  cols: 3
  data: [1550.29024,    0.     ,  673.23543,
            0.     , 1567.98255,  586.72971,
            0.     ,    0.     ,    1.     ]
distortion_model: plumb_bob
distortion_coefficients:
  rows: 1
  cols: 5
  data: [0.252108, -0.299319, 0.033266, -0.001853, 0.000000]
rectification_matrix:
  rows: 3
  cols: 3
  data: [ 0.99809101,  0.05509223, -0.02791365,
         -0.0531401 ,  0.99637596,  0.06641598,
          0.0314715 , -0.06480586,  0.9974015 ]
projection_matrix:
  rows: 3
  cols: 4
  data: [ 2126.42986,     0.     ,   778.09476, -1247.7324 ,
             0.     ,  2126.42986,   534.24875,     0.     ,
             0.     ,     0.     ,     1.     ,     0.     ]
